96522
20620
11523
39531
47096
10855
08219
12482
67708
98804
69409
24975
38100
45149
49854
19253
02913
09289
93373
20783
90255
37547
48432
58563
93479
30309
51324
92358
19759
55797
37232
50654
31626
43526
95302
29738
54886
77373
11292
73585
87535
77382
35282
82776
92508
85794
19408
08609
31522
58521
81202
10626
58520
57692
04645
26278
69679
03869
55246
87323
84872
41329
30135
99602
91750
76865
73490
63725
96892
22767
77987
43841
40684
03828
50710
66309
67973
71983
79637
06963
07367
68999
73510
53700
48247
12657
56618
28423
97020
93490
62401
05182
87065
92611
88317
36734
70863
19587
07528
48580
